#timestamp x y z qx qy qz qw id
1716395184.496761 -0.320906 0.704093 6.162118 0.000531 0.005808 0.852862 0.522104 1
1716395449.027200 -0.386706 0.815820 6.203325 0.000283 0.011498 0.850530 0.525800 262
1716395450.027712 -0.510603 1.101848 6.199672 -0.004090 -0.002553 0.853657 0.520814 263
1716395451.028403 -0.593041 1.325421 6.196605 -0.005591 -0.005893 0.853462 0.521093 264
1716395458.030086 -0.646221 1.273813 6.194828 0.004636 0.012334 0.899478 0.436767 271
1716395459.096063 -0.633992 1.278877 6.197743 0.000235 0.006160 0.941488 0.336991 272
1716395460.162617 -0.591730 1.349186 6.197967 -0.003719 -0.000464 0.973230 0.229802 273
1716395461.228921 -0.623881 1.276654 6.197892 -0.000663 0.008381 0.992117 0.125030 274
1716395471.830952 -0.642489 1.222401 6.198065 -0.002424 0.003670 0.999716 0.023404 284
1716395472.832783 -0.637497 1.342073 6.199511 -0.004452 -0.003846 0.997081 -0.076130 285
1716395473.834014 -0.615473 1.262883 6.198855 -0.003387 0.010074 0.984982 -0.172330 286
1716395474.835307 -0.613245 1.270404 6.201000 -0.003408 0.007583 0.963507 -0.267553 287
1716395475.835853 -0.670645 1.320327 6.200829 -0.002042 -0.001842 0.931584 -0.363516 288
1716395476.836153 -0.587276 1.263716 6.201067 -0.007211 0.007707 0.893389 -0.449161 289
1716395479.970348 -0.624870 1.257623 6.197193 -0.004802 0.005398 0.866657 -0.498853 292
1716395481.037328 -0.560930 1.235225 6.198577 0.003536 -0.002983 -0.821596 0.570052 293
1716395482.037566 -0.670917 1.285156 6.200037 -0.002285 0.006351 -0.747534 0.664190 294
1716395483.171169 -0.644195 1.254487 6.204582 -0.007344 0.005712 -0.650011 0.759868 295
1716395484.171230 -0.575563 1.294856 6.199520 0.003826 -0.001139 -0.551256 0.834327 296
1716395485.171472 -0.666122 1.252239 6.201508 -0.007369 0.007219 -0.447404 0.894273 297
1716395486.171708 -0.611379 1.275038 6.203387 0.004949 0.000457 -0.334979 0.942212 298
1716395487.305268 -0.600014 1.319936 6.201091 0.003370 0.000486 -0.202282 0.979321 299
1716395488.372183 -0.636392 1.236696 6.202903 -0.012194 0.004982 -0.074392 0.997142 300
1716395489.372424 -0.601145 1.261425 6.207218 -0.013893 -0.004655 0.041545 0.999029 301
1716395492.373167 -0.854811 1.320993 6.207804 0.007560 0.002115 0.046292 0.998897 304
1716395493.440096 -1.166014 1.277340 6.213099 0.000593 0.003705 0.047317 0.998873 305
1716395494.440338 -1.419120 1.130808 6.216053 0.001808 0.004288 0.048963 0.998790 306
1716395495.440583 -1.686832 1.196981 6.220054 0.013638 0.003493 0.113669 0.993419 307
1716395496.507514 -1.963356 1.121421 6.227941 0.002557 0.002781 0.164316 0.986400 308
1716395497.507762 -2.185905 0.925192 6.226138 -0.002938 0.000861 0.164715 0.986336 309
1716395498.774751 -2.510126 0.854758 6.239011 -0.010533 -0.001025 0.164422 0.986333 310
1716395499.774988 -2.804521 0.855880 6.238727 -0.002874 0.002594 0.164408 0.986385 311
1716395500.775229 -3.025641 0.648487 6.244602 -0.011448 0.001675 0.166023 0.986054 312
1716395501.775464 -3.285480 0.618975 6.248088 0.002798 0.004043 0.164363 0.986388 313
1716395502.842391 -3.574452 0.577766 6.250513 -0.000787 0.005148 0.228798 0.973460 314
1716395503.842623 -3.736759 0.316873 6.260022 -0.010019 0.003677 0.330394 0.943783 315
1716395505.109593 -3.940529 0.109119 6.263062 -0.004182 0.003604 0.466273 0.884624 316
1716395506.109778 -4.185376 -0.095846 6.271652 0.002902 0.011005 0.575728 0.817562 317
1716395507.242832 -4.188289 -0.406014 6.278792 0.006469 0.012316 0.700893 0.713130 318
1716395508.309423 -4.088945 -0.650234 6.280838 -0.002712 0.004162 0.780354 0.625318 319
1716395509.375931 -4.133425 -0.971018 6.289973 0.004690 0.015236 0.778806 0.627062 320
1716395510.376172 -4.061189 -1.223008 6.298367 0.003843 0.011183 0.792763 0.609415 321
1716395511.643243 -3.868539 -1.519384 6.302939 -0.010367 -0.002768 0.837136 0.546889 322
1716395512.643486 -3.803651 -1.773258 6.310187 -0.002540 0.007631 0.836463 0.547964 323
1716395513.643726 -3.758184 -2.045563 6.316216 -0.004024 0.008302 0.836340 0.548133 324
1716395514.643970 -3.532402 -2.250295 6.321964 -0.008833 0.002556 0.836926 0.547239 325
1716395515.644232 -3.507459 -2.526270 6.326986 0.001882 0.013104 0.835944 0.548656 326
1716395516.910888 -3.451099 -2.803998 6.337201 -0.006213 0.010631 0.797948 0.602600 327
1716395517.977168 -3.406050 -2.740426 6.336396 -0.008656 0.006701 0.706041 0.708086 328
1716395518.977670 -3.382314 -2.724580 6.337463 -0.014028 0.001536 0.587605 0.809025 329
1716395520.178931 -3.459379 -2.697876 6.334873 -0.000590 0.012276 0.423492 0.905817 330
1716395521.246284 -3.536796 -2.800418 6.342074 -0.004166 0.002168 0.267201 0.963629 331
1716395522.313389 -3.717761 -2.973942 6.340279 -0.007795 0.004617 0.200480 0.979656 332
1716395523.313602 -3.938148 -2.966026 6.346024 0.003584 0.007122 0.198568 0.980055 333
1716395524.313849 -4.105910 -3.080642 6.350973 -0.007309 0.002371 0.200158 0.979734 334
1716395525.514138 -4.321650 -3.244050 6.357519 -0.013275 0.003506 0.167630 0.985754 335
1716395526.514380 -4.469353 -3.191278 6.360781 -0.001011 0.005403 0.062472 0.998032 336
1716395527.848513 -4.414824 -3.142021 6.360305 0.001055 0.004223 -0.096053 0.995367 337
1716395529.182208 -4.645475 -3.095645 6.361197 -0.005247 0.003024 -0.157726 0.987464 338
1716395530.182453 -4.868566 -3.130123 6.365835 -0.011746 0.006362 -0.165622 0.986099 339
1716395531.182702 -5.020859 -2.968107 6.365228 -0.002431 0.001363 -0.229320 0.973347 340
1716395532.182939 -5.158299 -2.871116 6.371916 -0.003988 -0.001956 -0.311356 0.950283 341
1716395533.183177 -5.376800 -2.811844 6.367218 -0.011785 0.001211 -0.402540 0.915326 342
1716395534.183418 -5.418243 -2.572471 6.370935 0.000694 -0.004134 -0.490194 0.871603 343
1716395535.183655 -5.530943 -2.426146 6.372145 -0.010653 -0.001327 -0.573425 0.819188 344
1716395536.183916 -5.668085 -2.274334 6.367773 -0.007286 -0.001287 -0.591048 0.806602 345
1716395537.184130 -5.619869 -2.001818 6.369470 -0.003273 -0.003514 -0.591426 0.806345 346
1716395538.184369 -5.768510 -1.821416 6.364955 -0.014465 0.002418 -0.590415 0.806966 347
1716395539.184611 -5.843055 -1.634508 6.370465 -0.013848 0.000223 -0.590825 0.806681 348
1716395540.251424 -5.819485 -1.356715 6.366977 -0.006969 -0.001710 -0.591684 0.806138 349
1716395541.251667 -5.984160 -1.177107 6.362434 -0.018551 0.003317 -0.590032 0.807160 351
1716395542.385014 -6.072461 -0.966778 6.362088 -0.011154 -0.000593 -0.590501 0.806960 352
1716395543.518278 -6.045210 -0.667559 6.360825 -0.002141 -0.007701 -0.643883 0.765082 353
1716395544.584627 -6.063865 -0.472094 6.364420 -0.007209 -0.007637 -0.721506 0.692329 354
1716395545.584870 -6.122296 -0.233717 6.354637 -0.009909 -0.001577 -0.806566 0.591059 355
1716395546.585188 -5.945532 -0.070597 6.357541 -0.001015 -0.014254 -0.846136 0.532776 356
1716395547.585431 -5.896263 0.153741 6.352504 -0.008558 -0.002247 -0.845326 0.534178 357
1716395548.919084 -5.851906 0.456783 6.349913 -0.012820 0.001255 -0.777434 0.628832 358
1716395549.919323 -5.772968 0.642802 6.349410 -0.004802 -0.010006 -0.706456 0.707670 359
1716395550.986081 -5.734631 0.898080 6.345586 -0.011443 -0.000997 -0.669052 0.743127 360
1716395552.053002 -5.860487 1.123618 6.342773 -0.018552 0.003236 -0.660212 0.750843 361
1716395553.053155 -5.862655 1.314917 6.344909 -0.009845 -0.005624 -0.598186 0.801277 362
1716395554.119908 -5.872083 1.578840 6.340117 -0.012145 -0.000350 -0.574999 0.818064 363
1716395555.386785 -6.035345 1.827525 6.338973 -0.011216 -0.003017 -0.522460 0.852584 364
1716395556.520190 -6.219687 1.985126 6.340398 -0.008562 -0.000170 -0.494538 0.869114 365
1716395557.520334 -6.240980 2.244155 6.338334 -0.001149 -0.006574 -0.496827 0.867824 366
1716395558.720524 -6.351319 2.473424 6.338724 -0.011897 0.002169 -0.495741 0.868386 367
1716395559.787232 -6.577359 2.627759 6.341569 -0.020871 0.004826 -0.494160 0.869107 368
1716395561.187251 -6.741404 2.880556 6.341427 -0.010641 0.002498 -0.494472 0.869125 369
1716395562.587415 -6.884602 3.135387 6.339813 -0.012860 0.002899 -0.494849 0.868879 370
1716395563.920785 -7.000586 3.417320 6.341850 -0.016589 -0.001047 -0.495816 0.868269 371
1716395565.320470 -7.125930 3.715182 6.337025 -0.004400 -0.005141 -0.496538 0.867988 372
1716395566.386165 -7.221541 3.919204 6.341219 -0.011757 0.000534 -0.498987 0.866530 373
1716395567.386265 -7.417558 4.083465 6.340287 -0.012614 0.001472 -0.580482 0.814174 374
1716395568.455049 -7.379349 4.337655 6.335919 -0.010404 -0.003812 -0.691553 0.722241 375
1716395569.456647 -7.339794 4.517425 6.339207 -0.011330 -0.007013 -0.783787 0.620887 376
1716395570.724507 -7.304758 4.814067 6.330928 0.017158 -0.006473 0.881572 -0.471693 377
1716395571.724888 -7.190749 4.976708 6.334439 0.015929 0.001034 0.884039 -0.467141 378
1716395572.725140 -6.935544 5.186723 6.315935 0.014691 -0.002230 0.884414 -0.466467 379
1716395574.125543 -6.631227 5.702448 6.313563 -0.009330 -0.006961 -0.829341 0.558621 380
1716395575.125730 -6.554243 6.056715 6.309766 -0.007930 -0.005805 -0.757923 0.652270 381
1716395576.259110 -6.589609 6.488552 6.308003 -0.007408 -0.003635 -0.624746 0.780785 382
1716395577.325682 -6.783763 6.857368 6.307966 -0.009142 -0.005100 -0.457344 0.889229 384
1716395578.391993 -7.080941 7.145818 6.312156 -0.011449 0.003764 -0.366709 0.930258 385
1716395579.591890 -7.408195 7.451208 6.313581 -0.014971 0.004432 -0.413786 0.910240 386
1716395580.592129 -7.636230 7.751071 6.319930 -0.015270 0.004936 -0.489867 0.871649 387
1716395581.925787 -7.864334 8.192546 6.317576 -0.013872 0.003982 -0.551047 0.834350 388
1716395582.926031 -7.984919 8.542069 6.316245 -0.013219 0.003419 -0.576135 0.817240 389
1716395583.926140 -8.109335 8.892622 6.314622 -0.013108 0.001933 -0.551005 0.834397 390
1716395584.926383 -8.268037 9.234107 6.318278 -0.011920 0.003401 -0.526517 0.850075 391
1716395585.993400 -8.457835 9.590326 6.320005 -0.017566 0.008531 -0.548590 0.835863 392
1716395586.993931 -8.537834 9.738058 6.322113 -0.012648 0.001576 -0.686100 0.727396 393
1716395588.060131 -8.530890 9.713921 6.323016 -0.012200 -0.000749 -0.816631 0.577031 394
1716395589.060372 -8.452508 9.764672 6.324108 0.012975 0.002018 0.907931 -0.418913 395
1716395590.060967 -8.344227 9.852479 6.324448 0.010692 0.005305 0.943169 -0.332100 396
1716395591.061202 -8.165217 9.944468 6.319095 0.011980 0.006620 0.943003 -0.332504 397
1716395592.061448 -8.077794 10.133407 6.318707 0.013913 -0.004026 0.942773 -0.333122 398
1716395593.061769 -7.874328 10.209810 6.315788 0.009780 0.007234 0.953261 -0.301902 399
1716395594.062330 -7.671688 10.279689 6.315506 0.010777 0.006262 0.972695 -0.231751 400
1716395595.063005 -7.500180 10.487967 6.310235 0.009708 0.000513 0.988568 -0.150461 401
1716395596.063244 -7.247723 10.437281 6.306488 0.009382 0.010942 0.999828 -0.011680 402
1716395597.129744 -7.064593 10.396082 6.310714 0.009524 0.011174 0.984926 0.172354 403
1716395598.129869 -6.793928 10.382652 6.302364 0.005345 0.013296 0.939766 0.341518 404
1716395599.130934 -6.724717 10.140338 6.309117 0.006342 0.019179 0.864299 0.502572 405
1716395600.131349 -6.586725 9.958506 6.315821 0.011961 0.019211 0.829672 0.557793 406
1716395601.198356 -6.423383 9.784851 6.312985 0.006739 0.014552 0.829910 0.557667 407
1716395602.198600 -6.432540 9.527729 6.322816 0.012700 0.023554 0.828710 0.559038 408
1716395603.198841 -6.324278 9.343165 6.328015 0.006161 0.011067 0.808759 0.588004 409
1716395604.199254 -6.193756 9.140625 6.325917 0.001991 0.016355 0.753360 0.657402 410
1716395605.199636 -6.285246 8.898800 6.340191 0.006060 0.021738 0.717991 0.695687 411
1716395606.199944 -6.185423 8.674966 6.339198 -0.002096 0.011302 0.724354 0.689332 412
1716395607.200186 -6.139836 8.462258 6.348885 0.001475 0.013786 0.732590 0.680529 413
1716395608.333794 -6.208827 8.143365 6.359629 0.009522 0.021785 0.736651 0.675856 414
1716395609.400715 -6.127310 7.887480 6.363495 0.007361 0.015267 0.743546 0.668470 415
1716395610.400969 -6.012777 7.662847 6.362817 0.005275 0.017443 0.759181 0.650624 416
1716395611.401199 -6.072097 7.369556 6.377385 0.010113 0.021166 0.780699 0.624467 417
1716395612.468162 -5.934541 7.127546 6.377373 0.008019 0.014138 0.810040 0.586150 418
1716395613.468370 -5.790570 6.948676 6.379105 0.008416 0.013781 0.830387 0.556953 419
1716395614.468620 -5.881467 6.894890 6.384270 0.010569 0.016943 0.828841 0.559127 420
1716395617.469337 -5.864255 6.957772 6.277399 0.007472 0.010107 0.828984 0.559131 423
1716395622.537256 -5.854613 6.943837 6.406733 0.010662 0.011882 0.828934 0.559119 428
1716395624.537746 -5.897717 6.901465 6.415662 0.008916 0.013892 0.788035 0.615409 430
1716395625.604674 -5.748311 6.689270 6.410020 0.009614 0.012841 0.735535 0.677297 431
1716395626.604918 -5.761856 6.257547 6.418657 0.013770 0.009699 0.735046 0.677808 432
1716395627.605156 -5.760148 5.848257 6.424649 0.007185 0.013823 0.735665 0.677167 433
1716395628.605398 -5.742400 5.453586 6.430107 0.008056 0.015288 0.735638 0.677155 434
1716395629.605639 -5.712589 5.047299 6.440536 0.007202 0.015073 0.735433 0.677392 435
1716395630.605872 -5.684736 4.630873 6.452131 0.007096 0.016645 0.735810 0.676947 436
1716395631.606119 -5.648852 4.221905 6.457567 0.008756 0.018211 0.735230 0.677516 437
1716395632.606361 -5.617794 3.806365 6.465187 0.028615 -0.005903 0.734629 0.677839 438
1716395633.673295 -5.580347 3.350230 6.476199 0.034293 -0.004838 0.742242 0.669236 439
1716395634.673548 -5.507286 2.925870 6.487948 0.037144 -0.001130 0.781560 0.622723 440
1716395635.740482 -5.374347 2.487895 6.495669 0.037264 0.000661 0.825616 0.563000 441
1716395636.740854 -5.191972 2.099603 6.497983 0.037564 0.001329 0.849308 0.526557 442
1716395637.741228 -5.008201 1.722634 6.499830 0.031071 0.001250 0.849909 0.526012 443
1716395638.741468 -4.828557 1.328515 6.503519 0.040072 0.000169 0.868115 0.494743 444
1716395639.941761 -4.566641 0.880393 6.508144 0.054808 0.002437 0.930251 0.362799 445
1716395640.942081 -4.192667 0.625615 6.500530 0.062615 0.009333 0.979103 0.193260 446
1716395641.942325 -3.832948 0.572661 6.497729 0.026688 0.011519 0.992195 0.121261 447
1716395643.142616 -3.774325 0.456438 6.497262 0.019351 0.009176 0.999355 -0.028830 448
1716395645.076310 -3.747923 0.492290 6.495662 0.023607 0.014708 0.988072 -0.151462 449
1716395647.276845 -3.283239 0.711230 6.483702 0.035627 0.007938 0.981933 -0.185673 451
1716395648.277082 -2.837409 0.895973 6.469592 0.037278 0.005315 0.965730 -0.256803 453
1716395649.277327 -2.438096 1.113470 6.454697 0.037607 0.005484 0.965790 -0.256525 455
1716395650.544303 -1.930153 1.394723 6.445956 0.040668 0.005704 0.965469 -0.257259 456
1716395651.544551 -1.541505 1.610384 6.429702 0.049358 0.010577 0.965268 -0.256338 457
1716395652.878216 -1.022026 1.903420 6.414923 0.049948 0.009871 0.965212 -0.256465 458
1716395654.345361 -0.466866 2.252146 6.398653 0.044010 0.008811 0.957432 -0.285148 459
1716395655.345664 -0.086596 2.500622 6.391404 0.044954 0.009865 0.957409 -0.285044 461
1716395656.345959 0.292154 2.747884 6.380125 0.043246 0.007138 0.957302 -0.285748 462
1716395657.346252 0.671539 2.978923 6.363632 0.052635 0.010387 0.961556 -0.269318 463
1716395658.546545 1.137765 3.254186 6.354822 0.040635 0.005132 0.968187 -0.246853 464
1716395659.546787 1.523932 3.466780 6.338245 0.049331 0.010019 0.969976 -0.237934 465
1716395660.547027 1.923143 3.660417 6.327923 0.045298 0.007488 0.973702 -0.223153 466
1716395661.547277 2.334129 3.857234 6.318649 0.049757 0.009870 0.973437 -0.223265 468
1716395662.680894 2.783170 4.089779 6.305017 0.054713 0.011783 0.973135 -0.223328 469
1716395663.681142 3.191117 4.286940 6.294780 0.053390 0.008819 0.973199 -0.223507 470
1716395664.814900 3.644073 4.509545 6.281290 0.048247 0.010467 0.973609 -0.222818 471
1716395665.815166 4.022040 4.695937 6.268351 0.025041 0.003458 0.974246 -0.224065 472
1716395666.815386 4.372206 4.855484 6.255835 0.016846 0.002203 0.973554 -0.227825 473
1716395667.948999 4.762118 5.079348 6.247551 0.015941 0.004513 0.941947 -0.335353 476
1716395668.949141 4.825511 5.177263 6.248187 0.016406 -0.000820 0.881483 -0.471931 477
1716395669.949382 4.815928 5.157533 6.251859 -0.014952 0.003027 -0.825969 0.563509 478
1716395671.283032 4.937212 5.385296 6.247652 -0.008302 -0.000256 -0.818335 0.574681 480
1716395672.283273 4.939382 5.619180 6.240786 -0.017665 0.010677 -0.783893 0.620553 481
1716395673.283509 4.962357 5.791255 6.246653 -0.017742 0.008214 -0.749116 0.662150 482
1716395674.283705 5.098297 5.998296 6.239927 -0.016047 0.008319 -0.742522 0.669578 483
1716395675.283919 5.010462 6.206594 6.240461 -0.021526 0.014288 -0.741173 0.670817 484
1716395676.284084 5.052366 6.384648 6.244219 -0.022123 0.009818 -0.742474 0.669438 485
1716395677.284148 5.145390 6.581486 6.239174 -0.010516 0.008984 -0.714335 0.699668 486
1716395678.284315 4.999298 6.790153 6.246905 -0.014215 0.014292 -0.644709 0.764162 487
1716395679.284552 5.030412 7.040173 6.243944 -0.004958 0.005013 -0.605729 0.795639 488
1716395680.284792 4.999013 7.260174 6.249546 -0.010059 0.008480 -0.605521 0.795720 489
1716395681.285031 4.811337 7.453728 6.255668 -0.006709 0.010675 -0.565614 0.824574 490
1716395682.285276 4.811674 7.712202 6.254284 -0.002410 0.003644 -0.530468 0.847694 491
1716395683.285547 4.700346 7.899587 6.261903 -0.004664 0.003328 -0.529069 0.848559 492
1716395684.285762 4.517862 8.057311 6.265046 -0.009504 0.009631 -0.528196 0.849015 493
1716395685.286002 4.514653 8.336271 6.269114 -0.004583 0.005417 -0.529746 0.848126 494
1716395686.286178 4.360814 8.509511 6.269624 -0.014425 0.012284 -0.528565 0.848682 495
1716395687.286424 4.219121 8.676802 6.276946 -0.012384 0.010546 -0.528101 0.849026 496
1716395688.286673 4.211937 8.959774 6.280527 -0.007402 0.009621 -0.529328 0.848331 497
1716395689.286848 4.021504 9.119746 6.281454 -0.017502 0.012700 -0.527313 0.849396 498
1716395690.287093 3.923304 9.308353 6.291979 -0.016734 0.010565 -0.528043 0.848987 499
1716395691.287266 3.906116 9.570502 6.288822 -0.009431 0.008346 -0.528956 0.848556 500
1716395692.287432 3.689883 9.731595 6.296759 -0.014008 0.014133 -0.528004 0.849009 501
1716395693.287677 3.643064 9.965937 6.297645 -0.008552 0.008587 -0.549092 0.835674 502
1716395694.287920 3.606009 10.191903 6.302359 -0.007450 0.008894 -0.549046 0.835711 503
1716395695.288161 3.390246 10.358221 6.310791 -0.008862 0.015185 -0.540512 0.841153 504
1716395696.288401 3.376959 10.617941 6.310574 0.001675 0.004169 -0.497782 0.867290 505
1716395697.288481 3.267347 10.815953 6.317529 -0.002310 0.006594 -0.461336 0.887198 506
1716395698.288724 3.066897 10.944562 6.318723 -0.005615 0.009990 -0.459655 0.888024 507
1716395699.355648 3.008447 11.217733 6.324877 0.007362 0.005104 -0.461809 0.886934 508
1716395700.355891 2.864732 11.389265 6.331746 0.000202 0.003763 -0.457910 0.888991 509
1716395701.422554 2.637488 11.507794 6.337256 -0.004146 0.010868 -0.392934 0.919493 510
1716395702.422704 2.537456 11.767601 6.343862 0.004820 0.007283 -0.367486 0.929988 511
1716395703.422955 2.354293 11.892986 6.349550 -0.003641 0.008047 -0.366358 0.930432 512
1716395704.423205 2.145224 11.986840 6.355062 -0.004734 0.011017 -0.386342 0.922278 513
1716395705.557173 2.045331 12.278461 6.361558 0.002219 0.005802 -0.489370 0.872054 514
1716395706.757865 2.032550 12.307017 6.366438 -0.001085 0.002971 -0.653812 0.756651 515
1716395707.891471 1.953027 12.325306 6.363358 -0.013204 0.014954 -0.728862 0.684370 517
1716395708.891714 1.990048 12.492458 6.367682 -0.015872 0.008332 -0.735581 0.677200 518
1716395709.958724 2.065891 12.540380 6.367758 -0.003967 0.002126 -0.807505 0.589844 519
1716395711.025451 2.013215 12.562207 6.363713 0.012562 -0.012917 0.891311 -0.453034 520
1716395712.091798 2.132711 12.703501 6.367390 0.010638 -0.010972 0.924759 -0.380247 522
1716395713.358648 2.400842 12.870800 6.364148 0.002700 0.004642 0.933765 -0.357846 523
1716395714.424631 2.444821 12.915728 6.369200 0.006260 0.002736 0.970023 -0.242919 524
1716395715.622715 2.413644 12.967097 6.365429 0.004665 -0.010317 0.998192 -0.059035 525
1716395716.623244 2.449907 12.939261 6.364440 0.004090 0.000036 0.999795 0.019855 526
1716395717.623487 2.552318 12.884394 6.365616 0.003780 -0.001271 0.999603 0.027909 527
1716395718.690418 2.727424 12.962801 6.363055 0.001752 -0.009374 0.994601 0.103329 528
1716395719.691665 2.873770 12.836994 6.361829 0.004800 0.003411 0.980658 0.195643 529
1716395720.692635 2.983087 12.749212 6.366152 0.005479 0.001723 0.959113 0.282966 531
1716395721.760332 3.195755 12.720057 6.363552 -0.000364 -0.001624 0.927933 0.372743 532
1716395722.827901 3.256987 12.547074 6.361044 0.006357 0.005064 0.902234 0.431170 533
1716395723.828153 3.328606 12.401554 6.365152 0.005306 0.001785 0.902262 0.431152 534
1716395724.828564 3.529182 12.331982 6.361963 0.005164 0.001569 0.871745 0.489931 535
1716395726.095878 3.637592 12.193422 6.362811 0.004544 -0.008041 0.854088 0.520046 536
1716395727.096120 3.634612 11.982005 6.360392 0.006991 -0.001314 0.854444 0.519495 537
1716395728.163118 3.808264 11.867686 6.357334 0.001345 -0.010261 0.855126 0.518318 538
1716395729.363408 3.927310 11.667858 6.354580 0.006301 0.000593 0.854141 0.520003 539
1716395730.764032 3.939988 11.126579 6.361129 0.006647 -0.003961 0.815455 0.578769 540
1716395731.764358 4.032319 10.839909 6.358012 0.006232 -0.002081 0.815033 0.579378 541
1716395733.098087 4.188442 10.465973 6.355099 0.007819 -0.002946 0.854679 0.519090 542
1716395734.098392 4.339764 10.187758 6.353232 0.007256 -0.002543 0.855047 0.518494 543
1716395735.165374 4.502288 9.891949 6.355019 0.007228 -0.001901 0.863893 0.503620 544
1716395736.232296 4.680222 9.602864 6.353500 0.006702 -0.002442 0.896090 0.443814 545
1716395737.499267 4.935563 9.292589 6.351611 0.004664 -0.004997 0.895861 0.444282 546
1716395738.499516 5.133831 9.040136 6.350477 0.005476 -0.001514 0.920504 0.390692 547
1716395739.499702 5.382416 8.826726 6.354345 0.005087 -0.001296 0.954494 0.298185 548
1716395740.833110 5.742996 8.600229 6.351576 0.004096 -0.003633 0.973664 0.227923 549
1716395741.833233 6.026769 8.455122 6.353500 0.001977 -0.001878 0.992749 0.120176 550
1716395743.032929 6.417765 8.422263 6.354045 0.002409 -0.002839 0.996992 -0.077411 551
1716395744.432392 6.883722 8.650227 6.362339 0.079483 0.014836 0.962052 -0.260613 552
1716395745.499260 7.310775 8.896135 6.373880 0.003505 -0.013134 0.965191 -0.261191 553
1716395746.566540 7.381777 8.930776 6.377046 -0.002540 -0.007871 0.934966 -0.354641 554
1716395747.633574 7.351724 8.989868 6.386724 0.000268 -0.015718 0.885666 -0.464057 555
1716395748.633836 7.451557 8.937268 6.379887 0.007091 0.004670 -0.816851 0.576786 556
1716395749.700742 7.367591 8.967603 6.381452 0.003083 0.016691 -0.726319 0.687148 557
1716395750.700869 7.378152 8.928907 6.386006 -0.001294 0.012278 -0.630962 0.775716 558
1716395751.701434 7.444953 8.980157 6.383767 0.008960 0.008044 -0.540286 0.841395 559
1716395754.702254 7.278132 9.211535 6.397771 0.002022 0.009552 -0.530092 0.847884 562
1716395755.702255 7.235587 9.534590 6.406381 0.013737 0.007039 -0.595045 0.803544 563
1716395756.768270 7.183487 9.492422 6.405014 0.005218 0.014142 -0.729508 0.683806 564
1716395757.769231 7.207878 9.572346 6.409967 -0.005028 0.025417 -0.832797 0.552972 565
1716395758.769804 7.340850 9.726455 6.414765 0.010327 0.010888 -0.851432 0.524251 566
1716395759.770043 7.331528 9.912601 6.422603 -0.006513 -0.018402 0.885496 -0.464236 567
1716395760.770578 7.494828 9.996716 6.426432 -0.010639 -0.006965 0.923223 -0.384055 568
1716395761.770906 7.626361 10.060996 6.434535 -0.007843 -0.008464 0.951997 -0.305889 569
1716395763.037883 7.773240 10.235581 6.436466 -0.004939 -0.021934 0.978630 -0.204396 570
1716395764.038120 7.795323 10.244390 6.442141 -0.004529 -0.026364 0.995782 -0.087759 571
1716395765.103973 7.781611 10.146305 6.439377 -0.005946 -0.005960 0.998006 0.062552 572
1716395766.303904 7.770215 10.197626 6.438123 0.000808 -0.012135 0.973065 0.230209 573
1716395767.503798 7.840513 10.222028 6.438182 -0.005625 -0.016774 0.918933 0.394016 574
1716395768.770868 7.832201 10.201659 6.440331 -0.004619 -0.021050 0.844123 0.535717 575
1716395770.838130 7.862547 9.946358 6.433075 0.008936 -0.002922 0.840479 0.541762 577
1716395771.838471 7.988695 9.685667 6.433678 0.009293 -0.012801 0.804661 0.593523 578
1716395772.838896 8.129541 9.427275 6.424141 0.002361 -0.014730 0.730225 0.683044 579
1716395774.039885 8.027528 9.094574 6.419905 0.008750 -0.009201 0.626130 0.779615 580
1716395775.040538 7.913713 8.868451 6.420641 0.007394 -0.009996 0.531377 0.847044 581
1716395776.307869 7.808712 8.499010 6.407672 0.000622 -0.014550 0.505074 0.862953 582
1716395777.308195 7.699369 8.298731 6.410218 0.001010 -0.016640 0.500052 0.865835 583
1716395778.308735 7.442241 8.123561 6.404791 0.008949 -0.011866 0.485357 0.874190 584
1716395779.308977 7.391186 7.824080 6.399043 -0.000116 -0.015392 0.487607 0.872928 585
1716395780.776055 7.248201 7.468713 6.398056 0.001910 -0.011837 0.587445 0.809176 586
1716395781.909688 7.154775 7.213496 6.395332 0.003447 -0.020839 0.686689 0.726644 587
1716395782.909837 7.080971 6.914900 6.385630 0.000753 -0.017451 0.744478 0.667418 588
1716395784.243497 7.140634 6.555951 6.384755 0.008439 -0.010326 0.744730 0.667233 589
1716395785.243513 7.274903 6.304242 6.379420 0.002321 -0.013846 0.764104 0.644940 590
1716395786.243673 7.200547 6.088612 6.380285 0.001589 -0.012332 0.816502 0.577209 591
1716395787.377280 7.197332 6.119390 6.383935 0.001882 -0.012384 0.883243 0.468748 592
1716395788.377524 7.219209 6.184221 6.384652 -0.008191 -0.025455 0.928897 0.369372 593
1716395789.377767 7.138540 6.053497 6.381509 -0.006900 -0.012263 0.957640 0.287625 594
1716395790.378241 7.132154 6.037381 6.374882 -0.010533 -0.017951 0.979618 0.199788 595
1716395791.378620 7.090223 6.040275 6.378104 -0.011321 -0.020509 0.990190 0.137747 596
1716395793.512532 7.265099 5.859786 6.376282 -0.007271 -0.007941 0.989480 0.144269 598
1716395794.512774 7.546080 5.831810 6.384910 -0.005884 -0.014081 0.989722 0.142189 599
1716395795.513020 7.756451 5.826610 6.395992 -0.009112 -0.014626 0.989707 0.142071 600
1716395796.513260 7.782238 5.717906 6.394085 -0.005160 -0.008009 0.979721 0.200141 601
1716395797.579901 7.685576 5.681583 6.392475 -0.000170 -0.014670 0.945779 0.324480 602
1716395798.646403 7.721192 5.679365 6.390578 -0.006576 -0.022307 0.886119 0.462874 603
1716395799.712863 7.636363 5.580195 6.388469 0.000528 -0.013064 0.795599 0.605682 604
1716395800.713383 7.650353 5.613985 6.390258 0.009714 -0.017746 0.685346 0.727936 605
1716395801.714162 7.714244 5.590698 6.389554 0.000114 -0.018457 0.552457 0.833337 606
1716395803.048048 7.665196 5.599117 6.391043 0.003043 -0.021302 0.401413 0.915644 607
1716395805.582006 7.476649 5.382645 6.386725 0.002676 -0.023048 0.396654 0.917675 609
1716395806.582276 7.180308 5.206500 6.369934 0.006167 -0.018932 0.391058 0.920151 610
1716395807.582499 7.069541 4.927906 6.363243 0.002438 -0.020502 0.387599 0.921597 611
1716395808.582741 6.877278 4.772675 6.355962 0.015035 -0.016668 0.482854 0.875413 612
1716395809.849856 6.687029 4.443841 6.346645 0.009124 -0.014299 0.646910 0.762378 613
1716395811.250388 6.662259 4.047276 6.339048 -0.001779 -0.021737 0.706629 0.707248 614
1716395812.250706 6.779986 3.757263 6.338955 -0.007387 -0.025561 0.698588 0.715029 615
1716395813.250949 6.769147 3.528186 6.336605 0.001729 -0.019019 0.777301 0.628839 616
1716395814.251229 6.805638 3.225067 6.329839 -0.007643 -0.014763 0.871146 0.490742 617
1716395815.585066 7.095794 2.982327 6.334098 0.078427 -0.031419 0.955814 0.281568 618
1716395817.052066 7.446112 2.757473 6.349309 -0.017118 -0.026159 0.964405 0.262577 619
1716395818.052294 7.685689 2.693483 6.364020 -0.014993 -0.018873 0.984761 0.172236 620
1716395819.119220 7.978997 2.506237 6.373004 -0.019432 -0.011504 0.997865 0.061275 621
1716395820.185998 8.274496 2.582607 6.386153 -0.021753 -0.015253 0.997909 -0.058921 622
1716395822.853214 8.377102 2.523796 6.396153 -0.021298 -0.010045 0.999002 0.037949 624
1716395824.187115 8.322564 2.526346 6.394547 -0.015487 -0.013039 0.969224 0.245347 625
1716395825.187395 8.387140 2.601818 6.396114 -0.017367 -0.026863 0.918447 0.394249 626
1716395826.386788 8.379994 2.584682 6.396573 -0.015042 -0.033263 0.818344 0.573568 627
1716395827.453259 8.285192 2.570854 6.393894 -0.002719 -0.018333 0.699942 0.713960 628
1716395828.454146 8.373172 2.568991 6.393081 -0.003224 -0.028988 0.569236 0.821657 629
1716395829.454582 8.356915 2.567487 6.394316 -0.008786 -0.032437 0.422100 0.905926 630
1716395830.454818 8.286114 2.622092 6.389789 0.005974 -0.022635 0.359258 0.932945 631
1716395831.455210 8.144878 2.322013 6.381638 0.001082 -0.023834 0.351829 0.935760 632
1716395832.455510 7.849430 2.182002 6.365279 0.012710 -0.020948 0.287558 0.957450 633
1716395833.455696 7.596469 2.098937 6.360735 0.010839 -0.021498 0.186166 0.982223 634
1716395837.189187 6.598229 1.802151 6.324861 0.004713 -0.024489 0.054864 0.998182 635
1716395838.255717 6.288218 1.877829 6.317571 0.015979 -0.019507 -0.013002 0.999597 636
1716395839.256347 6.017002 1.815387 6.307621 0.005917 -0.013303 -0.165688 0.986071 637
1716395840.257416 5.795495 1.998238 6.307601 0.012978 -0.010729 -0.327910 0.944559 638
1716395841.324508 5.592152 2.235164 6.309468 0.022156 -0.013388 -0.358391 0.933213 639
1716395842.324798 5.298745 2.332013 6.303702 0.016417 -0.011184 -0.356890 0.933935 640
1716395843.325047 5.134359 2.525831 6.304838 0.027852 -0.020105 -0.306637 0.951206 641
1716395844.392014 4.901527 2.743221 6.302675 0.020181 -0.018533 -0.207738 0.977801 642
1716395845.392238 4.587946 2.713599 6.294964 0.013270 -0.019292 -0.104651 0.994233 643
1716395846.592487 4.308836 2.747746 6.288446 0.013327 -0.023128 0.035338 0.999019 644
1716395847.592563 3.979173 2.833177 6.280743 0.009627 -0.019423 0.085017 0.996144 645
1716395848.592606 3.722639 2.679867 6.264085 0.001355 -0.024094 0.096897 0.995002 646
1716395849.792832 3.420227 2.596414 6.250859 0.012479 -0.021988 0.067639 0.997389 648
1716395850.793061 3.116191 2.724366 6.250022 0.018878 -0.020883 -0.036637 0.998932 649
1716395851.927003 2.840420 2.759497 6.242323 0.021528 -0.023215 -0.171799 0.984623 650
1716395852.927295 2.539700 2.739442 6.223125 0.021965 -0.020029 -0.172782 0.984511 651
1716395853.927589 2.292458 2.957951 6.227184 0.025704 -0.020839 -0.153232 0.987636 652
1716395854.994508 1.995354 2.990514 6.216673 0.029798 -0.026185 -0.077697 0.996188 653
1716395855.994740 1.735197 2.921532 6.202258 0.017221 -0.022533 0.005060 0.999585 655
1716395856.994977 1.427033 3.018756 6.199959 0.019644 -0.023584 0.082006 0.996159 656
1716395858.195267 1.103734 2.925539 6.183806 0.011162 -0.024276 0.140070 0.989781 657
1716395859.195510 0.864854 2.731395 6.168248 0.009507 -0.023382 0.188208 0.981805 658
1716395860.195761 0.578472 2.702816 6.156912 0.019326 -0.023278 0.288209 0.957090 659
1716395861.196005 0.430019 2.478467 6.144498 0.008221 -0.029922 0.342532 0.938994 660
1716395862.196259 0.052670 2.273963 6.125417 0.012255 -0.053664 0.342330 0.937966 661
1716395863.529920 -0.346674 1.924937 6.097710 0.004038 -0.027431 0.340565 0.939812 662
1716395864.796892 -0.744150 1.618479 6.078444 0.005982 -0.027816 0.298659 0.953936 663
1716395865.797129 -1.077663 1.397631 6.058609 0.007470 -0.046226 0.298964 0.953115 664
1716395866.930735 -1.461904 1.126139 6.039321 0.015078 -0.061809 0.267056 0.961579 665
1716395868.064332 -1.883514 0.891458 6.019514 0.011219 -0.050502 0.254745 0.965623 666
1716395869.464617 -2.417892 0.606117 5.989541 0.010805 -0.050982 0.245606 0.967968 667
1716395870.731527 -2.893620 0.343411 5.964147 0.013210 -0.056295 0.241990 0.968554 668
1716395871.731768 -3.294140 0.160332 5.948397 0.008106 -0.054818 0.142567 0.988233 669
1716395872.731931 -3.714812 0.087768 5.928829 0.007694 -0.045396 -0.001768 0.998938 670
1716395873.732048 -4.133750 0.165440 5.913009 0.005650 -0.049719 -0.178489 0.982669 671
1716395874.798634 -4.530434 0.413536 5.907301 0.005509 -0.042766 -0.360675 0.931694 672
1716395875.798714 -4.794796 0.760309 5.912269 0.005998 -0.039867 -0.494720 0.868117 673
1716395876.798954 -4.996865 1.140810 5.919140 0.007182 -0.046341 -0.481909 0.874966 674
1716395877.799112 -5.228089 1.500626 5.920548 0.004821 -0.037408 -0.525371 0.850037 675
1716395878.866056 -5.405521 1.921821 5.929891 0.012396 -0.031189 -0.549394 0.834889 676
1716395879.932958 -5.579663 2.353591 5.939015 0.004586 -0.033792 -0.590791 0.806104 677
1716395880.999884 -5.672073 2.801197 5.952512 0.015545 -0.011853 -0.689107 0.724396 678
1716395882.000215 -5.625390 3.242437 5.976918 -0.001467 -0.015821 -0.795836 0.605303 679
1716395883.067060 -5.431410 3.655426 6.003230 -0.010279 -0.000428 0.898256 -0.439352 680
1716395884.333194 -5.001383 3.994255 6.040508 -0.018927 -0.013963 0.974939 -0.221226 681
1716395885.532971 -4.498216 4.143483 6.077834 0.009539 -0.006100 0.986395 -0.164004 682
1716395886.599554 -4.161327 4.244949 6.098860 -0.027114 -0.008607 0.986207 -0.163051 683
1716395887.599793 -3.880690 4.327112 6.120615 -0.028088 -0.010339 0.986181 -0.162943 684
1716395888.866762 -3.514925 4.453396 6.149200 -0.028368 -0.007906 0.986250 -0.162617 685
1716395890.267101 -3.104906 4.577538 6.174680 -0.026978 -0.011241 0.995753 -0.087305 686
1716395891.533966 -2.715178 4.608633 6.199646 -0.024693 -0.016824 0.999551 0.002448 687
1716395892.667257 -2.373548 4.583802 6.220265 -0.024686 -0.015064 0.999349 0.021564 688
1716395893.667487 -2.060554 4.562055 6.239893 -0.025572 -0.012342 0.999371 0.021258 690
1716395894.800978 -1.707825 4.551907 6.261991 -0.026247 -0.007880 0.999197 -0.029240 691
1716395896.067948 -1.315863 4.631367 6.287289 -0.027299 -0.008958 0.991885 -0.123851 693
1716395897.201998 -0.977940 4.740208 6.312135 -0.027655 -0.008702 0.986131 -0.163419 694
1716395898.535833 -0.593180 4.887517 6.341270 -0.027827 -0.009152 0.986235 -0.162735 695
1716395899.602758 -0.279538 4.992623 6.364030 -0.028285 -0.005033 0.980418 -0.194822 696
1716395900.669680 0.023729 5.133677 6.390470 -0.028708 -0.006978 0.978922 -0.202086 697
1716395901.669922 0.311667 5.259406 6.411930 -0.027771 -0.009422 0.978853 -0.202454 699
1716395902.670162 0.591174 5.382739 6.427445 -0.026306 -0.004925 0.974627 -0.222229 700
1716395903.737088 0.885899 5.540574 6.452250 -0.027645 -0.006289 0.971556 -0.235107 701
1716395905.003547 1.233912 5.729023 6.480681 -0.027223 -0.005646 0.969915 -0.241849 702
1716395906.070122 1.523068 5.892646 6.507026 -0.029919 -0.004801 0.953523 -0.299794 703
1716395907.202273 1.791001 6.124577 6.527838 -0.031182 0.002236 0.915796 -0.400425 704
1716395908.333921 1.985303 6.424418 6.553545 0.033897 -0.005467 -0.822717 0.567414 706
1716395909.671270 2.025522 6.876850 6.575700 -0.041335 -0.074440 -0.696785 0.712209 708
1716395910.872226 1.995740 7.247265 6.590832 0.030182 -0.007735 -0.696610 0.716773 709
1716395911.938836 1.966971 7.575043 6.605462 0.030076 -0.013192 -0.614575 0.788175 710
1716395913.272044 1.790949 7.954704 6.607322 0.024536 -0.014375 -0.520817 0.853195 711
1716395914.272290 1.635720 8.229934 6.609226 0.027151 -0.016026 -0.503524 0.863406 712
1716395915.472588 1.428978 8.546091 6.615347 0.024075 -0.015277 -0.454573 0.890253 713
1716395916.539524 1.219995 8.809229 6.618222 0.026048 -0.014024 -0.436920 0.899014 714
1716395917.606457 1.004110 9.060275 6.621042 0.026377 -0.013991 -0.405059 0.913803 715
1716395918.606684 0.782443 9.285639 6.621788 0.024824 -0.017997 -0.378510 0.925089 716
1716395919.606924 0.548921 9.493134 6.621777 0.024878 -0.017560 -0.379217 0.924807 717
1716395920.607164 0.327377 9.708887 6.619696 0.023671 -0.015443 -0.378648 0.925109 719
1716395921.674645 0.087979 9.937655 6.620943 0.026416 -0.015031 -0.378280 0.925192 720
1716395922.941925 -0.188188 10.225040 6.624474 0.024392 -0.012013 -0.433131 0.900921 722
1716395923.942157 -0.373222 10.471901 6.628682 0.027681 -0.012016 -0.486761 0.873014 723
1716395925.009095 -0.527051 10.763185 6.632604 0.026304 -0.008246 -0.541080 0.840519 724
1716395926.142574 -0.651779 11.092417 6.645599 0.029741 -0.008939 -0.592103 0.805263 725
1716395927.208292 -0.728805 11.411970 6.653895 0.028908 -0.004048 -0.658027 0.752428 726
1716395928.209202 -0.730545 11.722508 6.671165 0.029904 0.002429 -0.773705 0.632835 727
1716395929.209441 -0.633952 12.023765 6.681417 0.140074 0.084892 0.863931 -0.476231 728
1716395930.211503 -0.344321 12.318604 6.728528 -0.019423 -0.002469 0.901762 -0.431789 730
1716395931.212311 -0.095212 12.464453 6.750518 -0.034800 -0.006467 0.932273 -0.360020 732
1716395932.278973 -0.162431 12.488742 6.750338 -0.031089 -0.013760 0.976679 -0.211997 733
1716395933.412491 -0.029950 12.542666 6.758527 -0.031181 -0.013748 0.979638 -0.197858 734
1716395934.412635 0.213100 12.677074 6.780535 -0.029409 -0.031943 0.995648 -0.082465 735
1716395935.812665 0.613802 12.671316 6.808758 -0.030105 -0.024041 0.998280 0.044194 736
1716395936.812907 0.859885 12.568782 6.817464 -0.026132 -0.012919 0.998631 0.043442 737
1716395937.813153 1.092675 12.531446 6.837630 -0.025308 -0.015859 0.998501 0.045867 738
1716395938.880074 1.377596 12.624234 6.857016 -0.031108 -0.017495 0.998135 0.049526 739
1716395940.014091 1.662262 12.471239 6.868743 -0.025566 -0.029402 0.978506 0.202503 740
1716395941.081279 1.818487 12.297997 6.874245 -0.022705 -0.030354 0.936230 0.349337 741
1716395942.148445 2.120778 12.200694 6.890668 -0.023994 -0.035878 0.936374 0.348339 743
1716395943.148762 2.280474 12.030167 6.899168 -0.017065 -0.028456 0.954685 0.295764 744
1716395944.548921 2.581810 11.832554 6.910221 -0.023280 -0.012128 0.992826 0.116654 745
1716395945.814082 2.920780 11.805773 6.930308 -0.030732 -0.014923 0.993904 -0.104825 746
1716395946.879833 3.142241 12.010511 6.956676 -0.037089 -0.013620 0.957016 -0.287331 747
1716395948.146275 3.112998 11.996519 6.964081 -0.033094 -0.017707 0.871628 -0.488728 748
1716395949.147479 3.197656 11.945528 6.967118 0.041830 -0.004139 -0.775761 0.629625 749
1716395950.149298 3.165744 11.963923 6.966037 0.039320 -0.008244 -0.653188 0.756129 750
1716395951.283435 3.099979 11.924732 6.961765 0.031378 -0.007082 -0.491483 0.870293 751
1716395952.283777 3.026865 12.248449 6.975544 0.033299 -0.013791 -0.420807 0.906434 752
1716395953.617530 2.519440 12.698768 6.975792 0.035190 -0.038533 -0.267433 0.962162 754
1716395954.617773 2.075275 12.881522 6.964172 0.023910 -0.032973 -0.197083 0.979540 755
1716395955.618025 2.022721 12.902520 6.964817 0.026388 -0.026395 -0.095654 0.994715 757
1716395956.684244 2.001357 12.904291 6.967730 0.023209 -0.028723 0.059832 0.997525 759
1716395957.750894 1.821805 12.951175 6.959900 0.023164 -0.028278 0.061885 0.997414 760
1716395959.084546 1.059606 12.935205 6.930664 0.023587 -0.036742 0.060579 0.997208 762
1716395960.217699 0.566319 12.789921 6.902013 0.032194 -0.066282 0.104310 0.991811 763
1716395961.284248 0.099607 12.627041 6.875337 0.026642 -0.050870 0.213813 0.975185 764
1716395962.351033 -0.315350 12.347049 6.839649 0.036148 -0.067225 0.360438 0.929655 765
1716395963.417617 -0.421159 12.287518 6.837414 0.006403 -0.039335 0.528760 0.847835 766
1716395964.417813 -0.393310 12.198134 6.835689 0.005299 -0.036425 0.584370 0.810652 767
1716395965.417929 -0.400163 11.955501 6.824107 0.003622 -0.038377 0.582007 0.812270 768
1716395966.484352 -0.581022 11.781891 6.810503 0.010789 -0.030226 0.578161 0.815291 769
1716395967.551033 -0.620962 11.540261 6.797680 0.007707 -0.034378 0.656189 0.753774 770
1716395968.551641 -0.556123 11.358388 6.790081 -0.004851 -0.040835 0.736328 0.675374 771
1716395969.552069 -0.669032 11.093297 6.774617 0.000919 -0.032855 0.742348 0.669208 772
1716395970.552548 -0.604604 10.882758 6.764587 -0.006006 -0.040056 0.757785 0.651246 773
1716395971.619474 -0.494151 10.668761 6.760683 -0.005658 -0.038255 0.758393 0.650649 775
1716395972.753078 -0.550514 10.383089 6.745520 0.002607 -0.032536 0.756882 0.652736 777
1716395974.019815 -0.543971 10.034854 6.732933 -0.004429 -0.042565 0.739225 0.672097 778
1716395975.086480 -0.496325 9.746366 6.720771 -0.005585 -0.047310 0.601706 0.797296 780
1716395976.419516 -0.510120 9.612001 6.718524 0.008163 -0.035257 0.533628 0.844945 781
1716395985.155261 -0.555638 9.605464 6.716806 0.009546 -0.041552 0.478574 0.877012 793
1716395986.155497 -0.523138 9.571533 6.712605 0.011283 -0.035256 0.320619 0.946485 795
1716395987.222420 -0.571622 9.665921 6.718466 0.026123 -0.031115 0.251047 0.967122 796
1716395989.689212 -1.171540 9.304382 6.671324 0.029506 -0.058350 0.305687 0.949884 798
1716395990.754494 -1.510112 9.052124 6.640102 0.017438 -0.034675 0.308259 0.950510 799
1716395992.220613 -1.959381 8.668727 6.600348 0.026704 -0.051794 0.430510 0.900703 800
1716395993.221060 -1.985896 8.589247 6.596026 0.007516 -0.043082 0.567529 0.822191 801
1716395994.357272 -1.994516 8.592095 6.603052 0.001422 -0.043809 0.713634 0.699146 802
1716395995.357864 -1.986234 8.577714 6.597949 -0.004207 -0.044006 0.822100 0.567624 803
1716395996.491471 -1.947280 8.553024 6.600804 -0.011933 -0.041083 0.898457 0.436973 804
1716395997.625090 -1.728810 8.370683 6.604215 -0.016273 -0.042551 0.911072 0.409723 805
1716395998.625344 -1.615327 8.151297 6.603044 -0.018173 -0.029627 0.951491 0.305707 806
1716395999.758691 -1.431773 8.092373 6.619189 -0.024444 -0.030859 0.969795 0.240723 807
1716396000.758938 -1.419718 8.149038 6.621843 -0.024806 -0.043013 0.940696 0.335597 808
1716396002.026054 -1.396748 8.016109 6.615887 -0.014913 -0.044846 0.868209 0.493943 809
1716396003.159928 -1.279053 7.717826 6.605467 -0.011132 -0.042345 0.873516 0.484822 810
1716396004.427028 -1.047521 7.490249 6.611783 -0.010534 -0.031512 0.921194 0.387683 811
1716396005.827739 -0.764718 7.262113 6.614906 -0.019661 -0.048288 0.924672 0.377178 812
1716396006.828625 -0.582223 7.128081 6.625060 -0.018309 -0.044468 0.925074 0.376729 814
1716396008.229052 -0.357922 6.843489 6.623770 -0.014741 -0.046990 0.904222 0.424213 815
1716396009.229293 -0.319896 6.610845 6.614112 -0.009587 -0.043801 0.822796 0.566565 817
1716396010.295785 -0.152150 6.368611 6.610814 -0.008327 -0.050441 0.712086 0.700229 818
1716396011.628388 -0.211282 6.039466 6.585752 0.005058 -0.044311 0.532729 0.845110 819
1716396012.629682 -0.460846 5.894646 6.567305 0.021114 -0.037840 0.381262 0.923451 820
1716396013.630680 -0.597291 5.734989 6.550622 0.018789 -0.037641 0.212936 0.976160 821
1716396014.631186 -0.817050 5.614079 6.529756 0.022689 -0.028742 0.040368 0.998514 822
1716396015.631298 -1.065222 5.757233 6.531442 0.038181 -0.020327 -0.131073 0.990429 823
1716396016.695442 -1.306470 5.779028 6.517716 0.029774 -0.012069 -0.317121 0.947841 824
1716396017.760149 -1.538112 5.882199 6.510767 0.044035 -0.013113 -0.358445 0.932419 825
1716396019.026457 -1.615446 6.075343 6.525906 0.052448 -0.009366 -0.462642 0.884943 826
1716396020.028647 -1.540206 6.030422 6.531315 0.052065 -0.004814 -0.590799 0.805123 827
1716396021.364190 -1.595656 6.021358 6.522493 0.044412 0.011236 -0.748498 0.661553 828
1716396022.364825 -1.614109 6.040997 6.531093 0.040347 0.026213 -0.835377 0.547568 829
1716396023.765179 -1.591380 6.078938 6.524594 0.046263 0.017942 -0.806596 0.589017 831
1716396024.765520 -1.639209 6.015152 6.524590 0.039825 0.007381 -0.693748 0.719078 832
1716396025.831781 -1.569101 6.069321 6.530071 0.047702 -0.004105 -0.545884 0.836492 834
1716396027.161646 -1.592644 6.074699 6.531663 0.049454 -0.016813 -0.338435 0.939539 835
1716396028.163877 -1.632760 5.984128 6.525441 0.030745 -0.020707 -0.165893 0.985447 836
1716396029.167352 -1.612878 6.075000 6.534100 0.040348 -0.030866 0.007035 0.998684 837
1716396030.168755 -1.635439 6.079989 6.531257 0.044352 -0.038040 0.094649 0.993795 838
1716396031.168989 -2.090266 6.081215 6.503141 0.039629 -0.067350 0.108164 0.991057 839
1716396032.236345 -2.534329 5.891030 6.471344 0.032773 -0.051621 0.136777 0.988713 840
1716396033.503692 -3.055464 5.711823 6.437528 0.031214 -0.062502 0.119495 0.990374 841
1716396034.504025 -3.483875 5.660005 6.416299 0.026344 -0.053105 -0.031322 0.997750 842
1716396035.570961 -3.929780 5.723553 6.399114 0.040389 -0.064275 -0.033239 0.996560 843
1716396036.571312 -4.375495 5.722350 6.382063 0.042724 -0.072397 0.103263 0.991095 844
1716396037.571545 -4.823725 5.584548 6.353071 0.023967 -0.046384 0.081331 0.995319 845
1716396038.571631 -5.274078 5.566056 6.332694 0.028734 -0.023282 -0.103097 0.993984 846
1716396039.638188 -5.730669 5.747878 6.326949 0.038714 -0.041423 -0.161593 0.985228 847
1716396040.704364 -5.947670 5.878434 6.327091 0.037156 -0.030506 -0.063021 0.996854 848
1716396041.770821 -5.992913 5.874152 6.326140 0.022818 -0.027244 0.072945 0.996703 849
1716396043.971049 -6.314028 5.838655 6.309655 0.041295 -0.029685 0.117675 0.991749 851
1716396044.971187 -6.551417 5.701877 6.294477 0.030985 -0.035712 0.152758 0.987132 852
1716396045.971461 -6.976796 5.631472 6.263741 0.039822 -0.078508 0.250183 0.964188 853
1716396046.971775 -7.333871 5.356733 6.227962 0.034874 -0.062859 0.317918 0.945389 854
1716396048.172065 -7.712378 5.060409 6.196534 0.031735 -0.067924 0.317657 0.945237 855
1716396049.238554 -7.709651 5.016918 6.196995 0.019486 -0.039169 0.394790 0.917729 856
1716396050.371487 -7.755762 5.054559 6.199450 0.019824 -0.039553 0.531355 0.845993 857
1716396051.372734 -7.746523 5.011896 6.200562 0.015281 -0.037534 0.645381 0.762785 858
1716396052.374195 -7.655625 5.011264 6.206809 -0.003241 -0.049259 0.760471 0.647493 859
1716396053.441540 -7.737795 4.941888 6.195488 0.001891 -0.035343 0.837624 0.545100 860
1716396054.441885 -7.621347 4.736392 6.194621 0.001068 -0.043484 0.837828 0.544199 861
1716396055.442115 -7.405227 4.458979 6.178974 -0.001072 -0.033536 0.838679 0.543592 862
1716396056.442625 -7.201797 4.030067 6.174373 -0.005507 -0.039148 0.871010 0.489672 863
1716396057.443101 -7.111392 3.770601 6.168864 -0.016053 -0.044580 0.939048 0.340505 864
1716396058.443336 -7.140841 3.790189 6.165161 -0.019525 -0.039068 0.983896 0.173323 865
1716396059.443583 -7.131663 3.820410 6.171923 -0.027965 -0.037199 0.998915 -0.001703 866
1716396061.577415 -7.077677 3.816479 6.172088 -0.021335 -0.037174 0.982924 0.178950 868
1716396062.577728 -7.088653 3.860605 6.177951 -0.014864 -0.045822 0.935586 0.349797 869
1716396063.578040 -7.054351 3.871140 6.180370 -0.011005 -0.048611 0.860662 0.506732 870
1716396064.845010 -7.104479 3.837068 6.173888 0.003230 -0.035161 0.804609 0.592754 871
1716396066.178664 -6.860801 3.358507 6.159790 0.015290 -0.055499 0.805005 0.590468 872
1716396067.178901 -6.772968 2.912414 6.138139 0.031209 -0.062135 0.804377 0.590036 873
1716396068.446212 -6.568920 2.361606 6.115080 0.021387 -0.052296 0.862936 0.502145 874
1716396069.846739 -6.240311 1.788205 6.102551 0.002694 -0.047211 0.862788 0.503350 875
1716396071.047003 -5.975043 1.302932 6.083905 0.014140 -0.060145 0.807965 0.585982 876
1716396072.180624 -5.892139 0.777462 6.062182 0.023618 -0.066310 0.713577 0.697031 878
1716396073.380911 -5.968267 0.220522 6.030737 0.008409 -0.048512 0.577279 0.815061 879
1716396074.447786 -6.138954 -0.001395 6.010871 0.028829 -0.053316 0.406722 0.911539 880
1716396075.448742 -6.138263 0.003479 6.010169 0.066052 -0.191870 0.226302 0.952686 881
1716396076.715997 -6.146152 0.042260 6.022651 0.043633 -0.175398 0.063971 0.981448 882
1716396077.782987 -6.323185 0.099009 6.017524 0.034582 -0.056851 0.068487 0.995430 883
1716396078.783023 -6.525531 -0.046664 6.001859 0.021817 -0.023400 0.070823 0.996976 884
1716396079.783253 -6.735217 -0.051748 6.003025 0.032111 -0.141855 0.064898 0.987236 885
1716396080.783617 -6.932931 0.000644 5.973379 0.042111 -0.184294 0.063273 0.979928 886
1716396081.783855 -6.998582 -0.120385 5.967302 0.045335 -0.213436 0.062788 0.973883 887
1716396083.984215 -7.410828 -0.141476 5.974310 0.037766 -0.094937 0.062957 0.992773 889
1716396084.984382 -7.918617 -0.185747 5.953805 0.033909 -0.074035 0.063668 0.994643 890
1716396085.984939 -8.393846 -0.265805 5.926843 0.051328 -0.142579 0.114433 0.981805 891
1716396087.051668 -8.878654 -0.396323 5.908661 0.029882 -0.032127 0.121344 0.991640 892
1716396088.117621 -9.359077 -0.502632 5.888467 0.031589 -0.030093 0.112004 0.992750 893
1716396089.184327 -9.854126 -0.546187 5.872776 0.034706 -0.029816 0.020002 0.998752 894
1716396090.250542 -10.345045 -0.589050 5.849752 0.039991 -0.051705 0.142829 0.987587 895
1716396091.649669 -10.490375 -0.586301 5.855040 0.023770 -0.032460 0.378551 0.924705 896
1716396092.782502 -10.466288 -0.636372 5.854751 0.014007 -0.035356 0.553948 0.831682 897
1716396093.782745 -10.461799 -0.659911 5.856717 0.009296 -0.035866 0.691358 0.721562 898
1716396094.850256 -10.441144 -0.690589 5.855412 0.002793 -0.037568 0.814278 0.579252 900
1716396095.851262 -10.430178 -0.711302 5.856284 -0.005636 -0.037380 0.904458 0.424884 902
1716396097.185502 -10.397016 -0.722474 5.857830 -0.015248 -0.036302 0.978862 0.200695 903
1716396098.186442 -10.380130 -0.727998 5.859761 -0.021065 -0.031778 0.998992 0.023713 904
1716396099.387138 -10.347887 -0.710387 5.864176 -0.027532 -0.029609 0.981299 -0.188196 905
1716396100.387381 -10.333006 -0.704038 5.867370 -0.032298 -0.024052 0.932346 -0.359319 906
1716396101.387625 -10.324467 -0.675956 5.868861 0.033941 0.020352 -0.854884 0.517308 907
1716396102.654569 -10.320295 -0.653002 5.871472 0.037097 0.012078 -0.716492 0.696503 908
1716396103.654800 -10.337337 -0.627901 5.874815 0.038127 0.006617 -0.586214 0.809232 909
1716396104.655032 -10.414680 -0.442805 5.884766 0.042587 0.008038 -0.580454 0.813139 910
1716396105.788642 -10.497501 -0.153253 5.902682 0.039550 0.003202 -0.582511 0.811854 911
1716396106.788932 -10.549343 0.133463 5.925860 0.036717 0.007197 -0.582413 0.812031 912
1716396107.922477 -10.769473 0.442092 5.941122 0.028055 0.012413 -0.580971 0.813346 913
1716396109.122764 -10.888551 0.771812 5.961952 0.034204 0.008729 -0.581532 0.812757 914
1716396110.189679 -10.889039 1.149335 5.996932 0.039032 0.006008 -0.582872 0.811604 916
1716396111.190033 -11.025868 1.408034 6.007316 0.026505 0.016601 -0.631304 0.774905 917
1716396112.190639 -11.123275 1.691281 6.026316 0.033028 0.010831 -0.648273 0.760614 918
1716396113.391041 -11.114305 2.097193 6.057710 0.044493 -0.000690 -0.616102 0.786408 920
1716396114.391449 -11.207573 2.387161 6.078858 0.036456 -0.001299 -0.588381 0.807761 921
1716396115.525113 -11.432198 2.696233 6.095018 0.032289 0.009080 -0.550790 0.833969 922
1716396116.592138 -11.438569 2.922556 6.109283 -0.013734 -0.077158 -0.542705 0.836259 923
1716396117.925767 -11.426279 2.839314 6.098890 0.020415 -0.008537 -0.542344 0.839865 924
1716396120.192981 -11.266869 2.450839 6.079589 0.021828 0.012335 -0.542062 0.839964 926
1716396121.193214 -11.068581 2.104455 6.066104 0.038464 0.006055 -0.542367 0.839239 927
1716396122.593379 -10.842948 1.622416 6.027715 0.041632 0.005776 -0.542684 0.838885 928
1716396123.593409 -10.720773 1.280155 6.005504 0.028737 0.009820 -0.541821 0.839945 929
1716396124.726785 -10.683118 1.036137 5.989986 0.026901 0.005299 -0.480517 0.876557 930
1716396125.993647 -10.629929 1.118055 5.994504 0.037673 -0.006063 -0.314744 0.948409 931
1716396127.126439 -10.646990 1.147162 5.994909 0.034052 -0.007810 -0.146437 0.988603 932
1716396128.126682 -10.698433 1.028127 5.991085 0.019214 -0.011154 0.015383 0.999635 933
1716396129.392964 -10.658606 1.054977 5.997690 0.017462 -0.020281 0.234399 0.971772 934
1716396130.459510 -10.733707 1.114741 5.997430 0.024503 -0.017580 0.402942 0.914728 936
1716396131.459834 -10.675593 1.058538 5.995621 0.008274 -0.026838 0.560589 0.827618 937
1716396132.594238 -10.636061 1.103672 6.006126 0.004882 -0.030692 0.711438 0.702062 938
1716396133.594813 -10.733571 1.069590 6.000473 0.006504 -0.021103 0.818507 0.574072 939
1716396135.795492 -10.603670 0.490408 5.976794 0.038847 -0.051991 0.826862 0.558647 941
1716396136.862440 -10.336883 0.083703 5.965200 0.037721 -0.039993 0.889505 0.453606 942
1716396137.862659 -10.000992 -0.223846 5.967764 0.039261 -0.036121 0.952752 0.299028 943
1716396138.863128 -9.574672 -0.395558 5.977173 0.069968 -0.026659 0.990354 0.116589 944
1716396139.863371 -9.102058 -0.406166 5.991766 0.003495 -0.012809 0.997724 -0.066106 945
1716396141.130510 -8.542803 -0.253618 6.016790 0.010849 -0.020359 0.992192 -0.122566 946
1716396142.264119 -8.044965 -0.131091 6.040313 0.006423 -0.034703 0.999354 -0.006809 947
1716396143.264362 -7.590528 -0.183501 6.056355 0.007673 -0.036175 0.991205 0.127067 948
1716396144.331376 -7.154757 -0.381798 6.061740 0.016589 -0.041915 0.960629 0.274154 949
1716396145.731676 -6.663782 -0.787631 6.059025 0.032391 -0.034712 0.954764 0.293550 950
1716396146.731900 -6.284174 -1.030717 6.058040 0.016140 -0.034257 0.958212 0.283541 951
1716396147.732079 -5.908009 -1.282852 6.057208 0.023590 -0.035911 0.952576 0.301252 952
1716396148.798525 -5.510466 -1.562080 6.057198 0.025191 -0.037845 0.945076 0.323674 953
1716396149.998733 -5.086187 -1.911577 6.052721 0.023176 -0.034905 0.935083 0.351943 954
1716396150.998897 -4.763286 -2.219856 6.051096 0.010950 -0.037266 0.900646 0.432813 955
1716396152.199027 -4.449048 -2.662868 6.040542 0.038141 -0.039219 0.902735 0.426705 956
1716396153.332645 -4.117815 -3.047607 6.037820 0.045422 -0.047637 0.916955 0.393524 957
1716396154.463848 -3.767562 -3.415025 6.031757 0.032682 -0.038540 0.899719 0.433535 959
1716396155.792216 -3.413990 -3.884552 6.018029 0.032560 -0.042593 0.873396 0.484052 960
1716396156.858624 -3.178205 -4.300673 6.012183 0.036238 -0.047305 0.845585 0.530505 961
1716396158.057959 -2.970961 -4.803163 6.000933 0.037253 -0.047202 0.805804 0.589121 962
1716396159.121627 -2.865579 -5.264185 5.986122 0.036010 -0.052756 0.758794 0.648191 963
1716396160.322281 -2.771633 -5.697554 5.977540 0.035108 -0.036726 0.799375 0.598681 964
1716396161.325278 -2.829071 -5.796645 5.975429 0.002220 -0.024405 0.864853 0.501427 965
1716396162.330203 -2.728177 -5.707147 5.981399 -0.002242 -0.028300 0.922505 0.384940 966
1716396163.464545 -2.784522 -5.797327 5.976037 -0.001763 -0.016207 0.969181 0.245810 967
1716396164.932366 -2.777461 -5.819677 5.976012 -0.006920 -0.014218 0.998160 0.058529 968
1716396165.998565 -2.762574 -5.812367 5.978681 -0.011644 -0.009659 0.996897 -0.077250 969
1716396167.128782 -2.779275 -5.715805 5.984361 -0.016360 -0.028132 0.975205 -0.218899 970
1716396168.130761 -2.750309 -5.788796 5.980886 -0.018420 -0.012830 0.936446 -0.350092 971
1716396169.130994 -2.736907 -5.787364 5.984169 -0.023480 -0.007087 0.878629 -0.476876 973
1716396170.134142 -2.821854 -5.759964 5.984775 0.016731 0.019051 -0.800931 0.598219 974
1716396171.134628 -2.724638 -5.770732 5.986781 0.026762 0.006443 -0.712075 0.701564 975
1716396172.269870 -2.734852 -5.763121 5.987931 0.029259 0.002245 -0.588745 0.807786 976
1716396173.536965 -2.806393 -5.786776 5.984519 0.014474 0.010089 -0.432049 0.901677 977
1716396174.601648 -2.770331 -5.815030 5.990570 0.010548 0.001859 -0.293164 0.956002 978
1716396175.665725 -2.873992 -5.657908 5.993633 0.019486 0.000786 -0.145785 0.989124 979
1716396176.729148 -3.178513 -5.719042 5.989448 0.015462 -0.006359 0.006693 0.999838 980
1716396178.195274 -3.584913 -5.716101 5.987072 0.006131 -0.006833 0.010730 0.999900 981
1716396179.262198 -3.840902 -5.726197 5.993247 0.012195 -0.008515 0.029639 0.999450 983
1716396180.262441 -4.128110 -5.659236 5.989932 0.019897 -0.010351 0.125721 0.991812 984
1716396181.262690 -4.331606 -5.856443 5.983990 0.004147 -0.011371 0.215738 0.976376 985
1716396182.263832 -4.579526 -5.932351 5.984310 0.013263 -0.014494 0.228448 0.973358 986
1716396183.464676 -4.909950 -6.018448 5.981297 0.015573 -0.005376 0.243614 0.969732 987
1716396184.531595 -5.115619 -6.214836 5.971174 0.005687 -0.009827 0.237930 0.971216 989
1716396185.531839 -5.307331 -6.365240 5.969710 0.010272 -0.009101 0.238857 0.970958 990
1716396186.597614 -5.632302 -6.400059 5.970463 0.016099 -0.007488 0.237630 0.971194 991
1716396187.729956 -5.865843 -6.559312 5.967175 0.019346 -0.010743 0.237650 0.971099 992
1716396188.796546 -6.065860 -6.771347 5.956979 0.011391 -0.007349 0.229878 0.973125 994
1716396189.864775 -6.373527 -6.784378 5.959530 0.019191 -0.001413 0.161932 0.986614 995
1716396191.331802 -6.744899 -6.924256 5.961391 0.018748 -0.000372 0.203270 0.978943 996
1716396192.464770 -7.000141 -7.032944 5.964463 0.012447 -0.001681 0.204325 0.978823 998
1716396193.530684 -7.214882 -7.263098 5.964306 0.006150 -0.000274 0.242398 0.970157 1000
1716396194.530931 -7.471920 -7.318832 5.959810 0.018918 -0.000973 0.293094 0.955896 1001
1716396195.732400 -7.756386 -7.417959 5.961961 0.008309 -0.006108 0.216107 0.976315 1002
1716396198.067945 -7.743883 -7.559798 5.961869 0.004844 -0.008115 0.334755 0.942258 1004
1716396199.068193 -7.819862 -7.495335 5.963327 0.013304 -0.003167 0.410050 0.911961 1005
1716396200.131002 -7.797947 -7.518733 5.963122 0.011336 -0.007979 0.498509 0.866773 1006
1716396201.197341 -7.728333 -7.530392 5.963140 0.000809 -0.009876 0.588112 0.808719 1007
1716396202.464324 -7.770140 -7.509747 5.964781 0.003313 -0.011706 0.690882 0.722865 1008
1716396203.597931 -7.833263 -7.534001 5.962494 0.002330 -0.007851 0.776547 0.630006 1009
1716396204.735870 -7.763714 -7.527797 5.966641 0.027639 -0.036408 0.852380 0.520921 1010
1716396206.007728 -7.734565 -7.482579 5.972250 -0.006816 -0.014199 0.920015 0.391567 1011
1716396207.009190 -7.795194 -7.536318 5.969322 0.000169 -0.003381 0.960178 0.279368 1012
1716396208.076120 -7.792754 -7.552684 5.971712 -0.002915 -0.002002 0.989168 0.146744 1013
1716396209.208990 -7.771600 -7.461282 5.973679 -0.005894 -0.015424 0.999862 -0.002047 1015
1716396210.341193 -7.809149 -7.494131 5.977399 -0.000479 -0.015968 0.987409 -0.157382 1017
1716396211.473550 -7.738016 -7.552821 5.971548 -0.010487 -0.000091 0.955792 -0.293857 1018
1716396212.606490 -7.499259 -7.218205 5.987603 0.016562 0.003928 0.955476 -0.294578 1019
1716396213.803382 -7.018085 -6.965608 5.988278 0.053889 0.009177 0.966715 -0.249948 1020
1716396221.544342 -4.083837 -5.713030 6.061763 0.028914 0.004112 0.961566 -0.273017 1021
1716396222.545092 -3.707685 -5.479220 6.072388 0.033050 0.006528 0.961282 -0.273499 1022
1716396223.612665 -3.534421 -5.420812 6.079347 -0.002105 -0.006124 0.961861 -0.273462 1024
1716396224.679739 -3.457921 -5.443159 6.083584 -0.009123 -0.003114 0.991961 -0.126174 1025
1716396225.680761 -3.508601 -5.396476 6.079318 -0.003561 -0.008087 0.998831 0.047534 1026
1716396226.947051 -3.469265 -5.363734 6.080040 -0.005524 -0.004177 0.987418 0.157980 1027
1716396227.947295 -3.501783 -5.430649 6.080068 -0.002750 0.005891 0.998926 0.045866 1028
1716396228.948374 -3.499299 -5.411228 6.080911 -0.002159 0.007824 0.993851 -0.110426 1029
1716396230.148728 -3.542119 -5.350113 6.084469 -0.005646 -0.012527 0.950160 -0.311460 1030
1716396231.351276 -3.475734 -5.327717 6.088464 0.001170 -0.010222 0.902068 -0.431471 1031
1716396232.352384 -3.368305 -5.288758 6.086835 0.006984 -0.002073 -0.855991 0.516940 1032
1716396233.486390 -3.404644 -5.229168 6.085099 0.002910 0.008058 -0.811149 0.584777 1033
1716396234.486773 -3.079779 -4.887119 6.101415 -0.016523 -0.009902 -0.801506 0.597676 1034
1716396235.487119 -3.110012 -4.731679 6.096953 -0.004031 0.001295 -0.717425 0.696623 1036
1716396236.687704 -3.142953 -4.748149 6.103222 -0.002853 0.006702 -0.588677 0.808335 1037
1716396239.088369 -3.252446 -4.116677 6.100852 0.000665 -0.000151 -0.580974 0.813922 1039
1716396240.088502 -3.428433 -3.645962 6.109725 -0.005025 -0.024669 -0.488604 0.872142 1040
1716396241.488960 -3.830827 -3.110386 6.124233 -0.011689 -0.013080 -0.481780 0.876116 1041
1716396242.489305 -4.066705 -2.709063 6.128838 -0.000224 0.000313 -0.499754 0.866168 1042
1716396243.556234 -4.309968 -2.280919 6.134861 0.001903 0.001358 -0.499930 0.866063 1043
1716396244.556411 -4.529434 -1.871488 6.139014 -0.025883 -0.021708 -0.585801 0.809751 1044
1716396245.622947 -4.622620 -1.377280 6.146452 -0.000230 0.000122 -0.640102 0.768290 1045
1716396246.689820 -4.674767 -0.886054 6.154119 -0.009238 0.003485 -0.744963 0.667033 1046
1716396247.823423 -4.498300 -0.385393 6.161371 0.005148 -0.005174 0.866660 -0.498847 1047
1716396248.823660 -4.190968 -0.031208 6.168961 0.008350 -0.005202 0.942969 -0.332736 1048
1716396249.823895 -3.769601 0.177275 6.174172 0.006132 -0.000003 0.979151 -0.203041 1050
1716396250.824086 -3.334441 0.331373 6.174384 0.021165 0.008255 0.976788 -0.213002 1051
1716396251.824325 -2.911694 0.536057 6.184405 0.012628 0.004760 0.969938 -0.242979 1052
1716396252.824565 -2.505516 0.767037 6.191905 0.005781 0.003520 0.969947 -0.243224 1053
1716396253.824810 -2.101874 0.994018 6.193591 0.006653 0.005681 0.970151 -0.242345 1054
1716396254.825058 -1.701617 1.212882 6.199936 0.005073 0.003457 0.970077 -0.242720 1055
1716396255.891983 -1.265705 1.447621 6.202815 0.008168 0.004182 0.969902 -0.243324 1056
1716396257.158962 -0.787633 1.680778 6.215546 0.007691 0.001982 0.969985 -0.243035 1057
1716396272.295639 -0.741528 1.702122 6.218737 0.000932 -0.009078 0.999381 -0.033991 1073
1716396273.427224 -0.773436 1.623598 6.218848 -0.003109 0.009219 0.986913 0.160961 1074
1716396274.560581 -0.763217 1.689742 6.214799 -0.003206 -0.001646 0.937065 0.349137 1075
1716396275.628525 -0.722151 1.707783 6.215888 -0.006496 -0.000008 0.881032 0.473012 1076
1716396276.628894 -0.767055 1.428127 6.217027 0.011555 -0.002412 0.881625 0.471802 1077
1716396277.762179 -0.404239 0.969132 6.226378 -0.002220 0.004469 0.880625 0.473788 1079
1716396279.295539 -0.241010 0.759329 6.234756 0.003910 0.007541 0.836976 0.547174 1080
